10000 0.0110000000
20000 0.0270000000
30000 0.0550000000
40000 0.0950000000
50000 0.0900000000
60000 0.1210000000
70000 0.1800000000
80000 0.2080000000
90000 0.2310000000
100000 0.3430000000
110000 0.4190000000
120000 0.3890000000
130000 0.3660000000
140000 0.4100000000
150000 0.5990000000
160000 0.4820000000
170000 0.5720000000
180000 0.7230000000
190000 0.7490000000
200000 0.8940000000
210000 0.7790000000
220000 0.7910000000
230000 1.0740000000
240000 1.0570000000
250000 1.0820000000
260000 1.0400000000
270000 1.1580000000
280000 1.0920000000
290000 1.1500000000
300000 1.5870000000
310000 1.7550000000
320000 1.8770000000
330000 1.8180000000
340000 1.4340000000
350000 1.5530000000
360000 1.8600000000
370000 1.6720000000
380000 1.8390000000
390000 1.8670000000
400000 1.8610000000
410000 2.1170000000
420000 2.7750000000
430000 2.7300000000
440000 1.9200000000
450000 2.7280000000
460000 2.4520000000
470000 2.6940000000
480000 2.8780000000
490000 3.0010000000
500000 2.8680000000
510000 2.9690000000
520000 2.7100000000
530000 3.0910000000
540000 3.0350000000
550000 3.7790000000
560000 3.4920000000
570000 3.4720000000
580000 3.6560000000
590000 3.8850000000
600000 3.4070000000
610000 3.8510000000
620000 4.2700000000
630000 4.8850000000
640000 3.4760000000
650000 4.1560000000
660000 5.0470000000
670000 4.7270000000
680000 4.0350000000
690000 4.4150000000
700000 4.3750000000
710000 4.8220000000
720000 5.1840000000
730000 4.4720000000
740000 3.8700000000
750000 5.1880000000
760000 4.9660000000
770000 5.4600000000
780000 5.2360000000
790000 6.3440000000
800000 6.3530000000
810000 5.4820000000
820000 6.7870000000
830000 6.3220000000
840000 6.5690000000
850000 5.7710000000
860000 5.6990000000
870000 7.5920000000
880000 6.5430000000
890000 7.1840000000
900000 6.7080000000
910000 7.6580000000
920000 5.2420000000
930000 9.0540000000
940000 7.1060000000
950000 6.7370000000
960000 7.4740000000
970000 5.9290000000
980000 7.7640000000
990000 8.3160000000
1000000 8.8560000000
